# Python MSA package matrix file by YoHell
# Scoring matrix extracted from ClustalW.
#
# Matrix: Gonnet 40
#

      A     B     C     D     E     F     G     H     I     K     L     M     N     P     Q     R     S     T     V     W     X     Y     Z
A   9.2   0.0  -3.1  -5.6  -3.7  -9.2  -3.2  -6.5  -7.6  -5.4  -6.8  -4.5  -6.2  -3.7  -4.3  -6.1   0.0  -2.5  -2.2 -12.0   0.0  -9.5   0.0
B   0.0   0.0   0.0   0.0   0.0   0.0   0.0   0.0   0.0   0.0   0.0   0.0   0.0   0.0   0.0   0.0   0.0   0.0   0.0   0.0   0.0   0.0   0.0
C  -3.1   0.0  16.3 -13.5 -14.0  -6.4  -9.1  -6.7  -8.7 -13.2  -8.5  -6.3  -8.3 -13.7 -11.3  -8.6  -3.5  -5.9  -4.3  -6.8   0.0  -5.6   0.0
D  -5.6   0.0 -13.5  11.1   1.6 -15.2  -5.1  -4.1 -15.0  -4.7 -15.5 -13.0   0.6  -6.9  -3.2  -7.7  -3.6  -4.7 -13.3 -17.1   0.0  -9.8   0.0
E  -3.7   0.0 -14.0   1.6  10.5 -14.3  -7.6  -4.0 -10.6  -1.3 -10.8  -8.0  -3.8  -6.0   1.0  -5.0  -4.1  -5.2  -7.4 -13.1   0.0 -10.7   0.0
F  -9.2   0.0  -6.4 -15.2 -14.3  12.6 -15.2  -5.0  -3.9 -12.7  -1.3  -1.6 -10.4 -12.8 -10.0 -13.0 -11.1  -9.0  -5.8  -0.6   0.0   3.1   0.0
G  -3.2   0.0  -9.1  -5.1  -7.6 -15.2  10.5  -8.1 -15.8  -7.9 -14.1 -11.4  -4.0  -8.7  -7.1  -6.9  -3.7  -8.5 -12.2 -10.8   0.0 -12.9   0.0
H  -6.5   0.0  -6.7  -4.1  -4.0  -5.0  -8.1  14.5  -9.4  -3.4  -8.5  -6.0  -0.7  -7.1   0.0  -3.1  -4.8  -4.6  -9.8  -7.0   0.0   0.5   0.0
I  -7.6   0.0  -8.7 -15.0 -10.6  -3.9 -15.8  -9.4  10.4  -8.6   0.5   1.0  -9.9 -10.8  -9.1 -10.3  -9.5  -5.1   2.8  -9.3   0.0  -7.6   0.0
K  -5.4   0.0 -13.2  -4.7  -1.3 -12.7  -7.9  -3.4  -8.6  10.3  -8.5  -5.7  -2.0  -6.2   0.2   1.9  -4.3  -3.4  -8.2 -12.7   0.0  -8.8   0.0
L  -6.8   0.0  -8.5 -15.5 -10.8  -1.3 -14.1  -8.5   0.5  -8.5   8.9   1.6 -11.2  -8.3  -6.0  -8.4  -9.5  -7.8  -1.8  -7.1   0.0  -6.4   0.0
M  -4.5   0.0  -6.3 -13.0  -8.0  -1.6 -11.4  -6.0   1.0  -5.7   1.6  14.0  -9.1 -11.9  -3.5  -8.1  -6.4  -4.4  -2.2  -7.2   0.0  -6.6   0.0
N  -6.2   0.0  -8.3   0.6  -3.8 -10.4  -4.0  -0.7  -9.9  -2.0 -11.2  -9.1  11.5  -7.8  -2.5  -4.7  -1.1  -2.7 -10.3 -11.9   0.0  -6.2   0.0
P  -3.7   0.0 -13.7  -6.9  -6.0 -12.8  -8.7  -7.1 -10.8  -6.2  -8.3 -11.9  -7.8  12.4  -4.6  -7.3  -3.5  -4.2  -8.6 -14.9   0.0 -10.6   0.0
Q  -4.3   0.0 -11.3  -3.2   1.0 -10.0  -7.1   0.0  -9.1   0.2  -6.0  -3.5  -2.5  -4.6  11.8  -0.6  -3.5  -3.9  -7.9  -8.7   0.0  -8.1   0.0
R  -6.1   0.0  -8.6  -7.7  -5.0 -13.0  -6.9  -3.1 -10.3   1.9  -8.4  -8.1  -4.7  -7.3  -0.6  11.2  -5.1  -5.2  -8.8  -6.3   0.0  -7.5   0.0
S   0.0   0.0  -3.5  -3.6  -4.1 -11.1  -3.7  -4.8  -9.5  -4.3  -9.5  -6.4  -1.1  -3.5  -3.5  -5.1   9.9   1.3  -7.4  -9.8   0.0  -6.9   0.0
T  -2.5   0.0  -5.9  -4.7  -5.2  -9.0  -8.5  -4.6  -5.1  -3.4  -7.8  -4.4  -2.7  -4.2  -3.9  -5.2   1.3  10.0  -2.5 -12.0   0.0  -8.7   0.0
V  -2.2   0.0  -4.3 -13.3  -7.4  -5.8 -12.2  -9.8   2.8  -8.2  -1.8  -2.2 -10.3  -8.6  -7.9  -8.8  -7.4  -2.5   9.7 -11.5   0.0  -7.3   0.0
W -12.0   0.0  -6.8 -17.1 -13.1  -0.6 -10.8  -7.0  -9.3 -12.7  -7.1  -7.2 -11.9 -14.9  -8.7  -6.3  -9.8 -12.0 -11.5  18.1   0.0   0.1   0.0
X   0.0   0.0   0.0   0.0   0.0   0.0   0.0   0.0   0.0   0.0   0.0   0.0   0.0   0.0   0.0   0.0   0.0   0.0   0.0   0.0   0.0   0.0   0.0
Y  -9.5   0.0  -5.6  -9.8 -10.7   3.1 -12.9   0.5  -7.6  -8.8  -6.4  -6.6  -6.2 -10.6  -8.1  -7.5  -6.9  -8.7  -7.3   0.1   0.0  13.5   0.0
Z   0.0   0.0   0.0   0.0   0.0   0.0   0.0   0.0   0.0   0.0   0.0   0.0   0.0   0.0   0.0   0.0   0.0   0.0   0.0   0.0   0.0   0.0   0.0
