# Python MSA package matrix file by YoHell
# Scoring matrix extracted from ClustalW.
#
# Matrix: Gonnet 350
#

      A     B     C     D     E     F     G     H     I     K     L     M     N     P     Q     R     S     T     V     W     X     Y     Z
A   1.0   0.0   0.4   0.0   0.1  -1.4   0.5  -0.4  -0.4  -0.1  -0.7  -0.4   0.0   0.3   0.0  -0.2   0.6   0.4   0.0  -2.4   0.0  -1.4   0.0
B   0.0   0.0   0.0   0.0   0.0   0.0   0.0   0.0   0.0   0.0   0.0   0.0   0.0   0.0   0.0   0.0   0.0   0.0   0.0   0.0   0.0   0.0   0.0
C   0.4   0.0   9.3  -1.9  -1.7  -0.3  -1.2  -0.8  -0.5  -1.6  -0.7  -0.4  -1.1  -1.8  -1.4  -1.3   0.1  -0.2   0.2  -0.4   0.0  -0.1   0.0
D   0.0   0.0  -1.9   2.9   1.9  -3.0   0.4   0.5  -2.4   0.6  -2.5  -1.9   1.5  -0.2   0.8   0.2   0.5   0.2  -1.8  -3.5   0.0  -1.8   0.0
E   0.1   0.0  -1.7   1.9   2.0  -2.5  -0.2   0.4  -1.7   0.9  -1.8  -1.3   0.9   0.0   1.1   0.6   0.3   0.1  -1.2  -2.9   0.0  -1.7   0.0
F  -1.4   0.0  -0.3  -3.0  -2.5   5.1  -3.5   0.1   1.1  -2.1   1.8   1.4  -2.0  -2.5  -1.6  -2.0  -1.8  -1.3   0.5   3.5   0.0   4.2   0.0
G   0.5   0.0  -1.2   0.4  -0.2  -3.5   5.1  -0.7  -2.9  -0.4  -3.0  -2.3   0.5  -0.7  -0.4  -0.4   0.5  -0.5  -2.1  -3.0   0.0  -2.7   0.0
H  -0.4   0.0  -0.8   0.5   0.4   0.1  -0.7   3.3  -1.3   0.5  -1.1  -0.8   0.8  -0.5   0.7   0.6   0.0  -0.1  -1.1  -0.3   0.0   1.5   0.0
I  -0.4   0.0  -0.5  -2.4  -1.7   1.1  -2.9  -1.3   2.7  -1.3   2.2   1.9  -1.8  -1.6  -1.1  -1.5  -1.1  -0.3   2.2  -0.9   0.0  -0.1   0.0
K  -0.1   0.0  -1.6   0.6   0.9  -2.1  -0.4   0.5  -1.3   1.8  -1.4  -0.9   0.7  -0.2   1.0   1.8   0.2   0.2  -1.0  -2.3   0.0  -1.4   0.0
L  -0.7   0.0  -0.7  -2.5  -1.8   1.8  -3.0  -1.1   2.2  -1.4   2.8   2.1  -1.9  -1.5  -1.1  -1.4  -1.3  -0.7   1.6  -0.1   0.0   0.5   0.0
M  -0.4   0.0  -0.4  -1.9  -1.3   1.4  -2.3  -0.8   1.9  -0.9   2.1   2.3  -1.4  -1.4  -0.7  -1.1  -0.9  -0.4   1.4  -0.3   0.0   0.2   0.0
N   0.0   0.0  -1.1   1.5   0.9  -2.0   0.5   0.8  -1.8   0.7  -1.9  -1.4   2.0  -0.3   0.6   0.4   0.6   0.4  -1.3  -2.4   0.0  -1.0   0.0
P   0.3   0.0  -1.8  -0.2   0.0  -2.5  -0.7  -0.5  -1.6  -0.2  -1.5  -1.4  -0.3   5.6   0.0  -0.4   0.4   0.2  -1.1  -3.4   0.0  -2.0   0.0
Q   0.0   0.0  -1.4   0.8   1.1  -1.6  -0.4   0.7  -1.1   1.0  -1.1  -0.7   0.6   0.0   1.2   1.0   0.2   0.1  -0.9  -1.9   0.0  -1.1   0.0
R  -0.2   0.0  -1.3   0.2   0.6  -2.0  -0.4   0.6  -1.5   1.8  -1.4  -1.1   0.4  -0.4   1.0   2.8   0.1   0.0  -1.2  -1.2   0.0  -1.2   0.0
S   0.6   0.0   0.1   0.5   0.3  -1.8   0.5   0.0  -1.1   0.2  -1.3  -0.9   0.6   0.4   0.2   0.1   1.0   0.8  -0.6  -2.2   0.0  -1.2   0.0
T   0.4   0.0  -0.2   0.2   0.1  -1.3  -0.5  -0.1  -0.3   0.2  -0.7  -0.4   0.4   0.2   0.1   0.0   0.8   1.1   0.0  -2.3   0.0  -1.2   0.0
V   0.0   0.0   0.2  -1.8  -1.2   0.5  -2.1  -1.1   2.2  -1.0   1.6   1.4  -1.3  -1.1  -0.9  -1.2  -0.6   0.0   2.1  -1.4   0.0  -0.4   0.0
W  -2.4   0.0  -0.4  -3.5  -2.9   3.5  -3.0  -0.3  -0.9  -2.3  -0.1  -0.3  -2.4  -3.4  -1.9  -1.2  -2.2  -2.3  -1.4  12.4   0.0   3.9   0.0
X   0.0   0.0   0.0   0.0   0.0   0.0   0.0   0.0   0.0   0.0   0.0   0.0   0.0   0.0   0.0   0.0   0.0   0.0   0.0   0.0   0.0   0.0   0.0
Y  -1.4   0.0  -0.1  -1.8  -1.7   4.2  -2.7   1.5  -0.1  -1.4   0.5   0.2  -1.0  -2.0  -1.1  -1.2  -1.2  -1.2  -0.4   3.9   0.0   5.7   0.0
Z   0.0   0.0   0.0   0.0   0.0   0.0   0.0   0.0   0.0   0.0   0.0   0.0   0.0   0.0   0.0   0.0   0.0   0.0   0.0   0.0   0.0   0.0   0.0
