# Python MSA package matrix file by YoHell
# Scoring matrix extracted from ClustalW.
#
# Matrix: Gonnet 120
#

      A     B     C     D     E     F     G     H     I     K     L     M     N     P     Q     R     S     T     V     W     X     Y     Z
A   5.9   0.0  -0.1  -1.8  -0.9  -4.8  -0.3  -2.6  -2.7  -1.9  -3.0  -1.7  -2.0  -0.6  -1.2  -2.3   1.6   0.2   0.0  -6.8   0.0  -4.8   0.0
B   0.0   0.0   0.0   0.0   0.0   0.0   0.0   0.0   0.0   0.0   0.0   0.0   0.0   0.0   0.0   0.0   0.0   0.0   0.0   0.0   0.0   0.0   0.0
C  -0.1   0.0  14.4  -6.9  -6.8  -2.6  -4.5  -3.1  -3.6  -6.4  -3.9  -2.6  -4.1  -6.8  -5.6  -4.5  -0.7  -2.1  -1.1  -2.9   0.0  -2.0   0.0
D  -1.8   0.0  -6.9   8.2   3.5  -8.7  -1.4  -0.7  -8.0  -0.8  -8.2  -6.4   2.6  -2.8   0.1  -2.7  -0.5  -1.3  -6.5  -9.6   0.0  -5.3   0.0
E  -0.9   0.0  -6.8   3.5   7.2  -7.8  -3.1  -0.6  -5.5   1.1  -5.7  -4.0  -0.1  -2.2   2.5  -1.0  -0.9  -1.5  -3.8  -7.8   0.0  -5.6   0.0
F  -4.8   0.0  -2.6  -8.7  -7.8  10.2  -9.2  -1.4  -0.3  -6.7   1.5   1.1  -5.8  -7.2  -5.3  -6.8  -5.8  -4.7  -1.7   2.7   0.0   5.5   0.0
G  -0.3   0.0  -4.5  -1.4  -3.1  -9.2   9.0  -3.7  -8.7  -3.4  -8.2  -6.5  -0.7  -4.1  -3.0  -3.0  -0.6  -3.5  -6.5  -6.6   0.0  -7.4   0.0
H  -2.6   0.0  -3.1  -0.7  -0.6  -1.4  -3.7  11.0  -4.8  -0.2  -4.2  -2.8   1.4  -3.1   1.7  -0.1  -1.4  -1.4  -4.7  -2.8   0.0   2.6   0.0
I  -2.7   0.0  -3.6  -8.0  -5.5  -0.3  -8.7  -4.8   7.2  -4.4   2.8   2.9  -5.5  -5.6  -4.3  -5.3  -4.4  -1.7   4.2  -4.6   0.0  -3.1   0.0
K  -1.9   0.0  -6.4  -0.8   1.1  -6.7  -3.4  -0.2  -4.4   6.9  -4.4  -2.7   0.5  -2.4   2.0   3.6  -1.0  -0.6  -3.9  -6.8   0.0  -4.4   0.0
L  -3.0   0.0  -3.9  -8.2  -5.7   1.5  -8.2  -4.2   2.8  -4.4   6.6   3.4  -6.1  -4.4  -3.0  -4.4  -4.7  -3.4   1.3  -2.9   0.0  -2.0   0.0
M  -1.7   0.0  -2.6  -6.4  -4.0   1.1  -6.5  -2.8   2.9  -2.7   3.4   9.5  -4.6  -5.6  -1.4  -3.8  -2.9  -1.6   1.0  -3.1   0.0  -2.2   0.0
N  -2.0   0.0  -4.1   2.6  -0.1  -5.8  -0.7   1.4  -5.5   0.5  -6.1  -4.6   8.0  -3.2   0.1  -1.0   1.0   0.0  -5.0  -6.8   0.0  -2.8   0.0
P  -0.6   0.0  -6.8  -2.8  -2.2  -7.2  -4.1  -3.1  -5.6  -2.4  -4.4  -5.6  -3.2  10.5  -1.4  -3.0  -0.5  -1.0  -4.2  -8.9   0.0  -5.9   0.0
Q  -1.2   0.0  -5.6   0.1   2.5  -5.3  -3.0   1.7  -4.3   2.0  -3.0  -1.4   0.1  -1.4   7.4   1.6  -0.7  -0.9  -3.6  -4.9   0.0  -3.8   0.0
R  -2.3   0.0  -4.5  -2.7  -1.0  -6.8  -3.0  -0.1  -5.3   3.6  -4.4  -3.8  -1.0  -3.0   1.6   8.3  -1.5  -1.6  -4.4  -3.0   0.0  -3.7   0.0
S   1.6   0.0  -0.7  -0.5  -0.9  -5.8  -0.6  -1.4  -4.4  -1.0  -4.7  -2.9   1.0  -0.5  -0.7  -1.5   6.0   2.6  -2.8  -5.7   0.0  -3.5   0.0
T   0.2   0.0  -2.1  -1.3  -1.5  -4.7  -3.5  -1.4  -1.7  -0.6  -3.4  -1.6   0.0  -1.0  -0.9  -1.6   2.6   6.4  -0.3  -6.7   0.0  -4.2   0.0
V   0.0   0.0  -1.1  -6.5  -3.8  -1.7  -6.5  -4.7   4.2  -3.9   1.3   1.0  -5.0  -4.2  -3.6  -4.4  -2.8  -0.3   6.5  -5.9   0.0  -3.3   0.0
W  -6.8   0.0  -2.9  -9.6  -7.8   2.7  -6.6  -2.8  -4.6  -6.8  -2.9  -3.1  -6.8  -8.9  -4.9  -3.0  -5.7  -6.7  -5.9  16.6   0.0   3.3   0.0
X   0.0   0.0   0.0   0.0   0.0   0.0   0.0   0.0   0.0   0.0   0.0   0.0   0.0   0.0   0.0   0.0   0.0   0.0   0.0   0.0   0.0   0.0   0.0
Y  -4.8   0.0  -2.0  -5.3  -5.6   5.5  -7.4   2.6  -3.1  -4.4  -2.0  -2.2  -2.8  -5.9  -3.8  -3.7  -3.5  -4.2  -3.3   3.3   0.0  11.1   0.0
Z   0.0   0.0   0.0   0.0   0.0   0.0   0.0   0.0   0.0   0.0   0.0   0.0   0.0   0.0   0.0   0.0   0.0   0.0   0.0   0.0   0.0   0.0   0.0
