# Python MSA package matrix file by YoHell
# Scoring matrix extracted from ClustalW.
#
# Matrix: Gonnet 160
#

      A     B     C     D     E     F     G     H     I     K     L     M     N     P     Q     R     S     T     V     W     X     Y     Z
A   4.6   0.0   0.3  -1.1  -0.4  -3.8   0.2  -1.8  -1.8  -1.2  -2.2  -1.2  -1.2  -0.1  -0.7  -1.6   1.6   0.5   0.1  -5.5   0.0  -3.7   0.0
B   0.0   0.0   0.0   0.0   0.0   0.0   0.0   0.0   0.0   0.0   0.0   0.0   0.0   0.0   0.0   0.0   0.0   0.0   0.0   0.0   0.0   0.0   0.0
C   0.3   0.0  13.5  -5.3  -5.2  -1.8  -3.4  -2.3  -2.5  -4.8  -2.9  -1.9  -3.1  -5.2  -4.2  -3.5  -0.2  -1.4  -0.6  -2.1   0.0  -1.3   0.0
D  -1.1   0.0  -5.3   7.0   3.4  -7.0  -0.7  -0.1  -6.2  -0.1  -6.5  -5.0   2.6  -1.9   0.6  -1.6   0.0  -0.6  -4.9  -7.8   0.0  -4.2   0.0
E  -0.4   0.0  -5.2   3.4   5.9  -6.2  -2.1  -0.1  -4.3   1.3  -4.5  -3.1   0.5  -1.4   2.3  -0.3  -0.3  -0.8  -3.0  -6.4   0.0  -4.4   0.0
F  -3.8   0.0  -1.8  -7.0  -6.2   9.1  -7.6  -0.7   0.3  -5.3   1.9   1.4  -4.7  -5.8  -4.1  -5.3  -4.5  -3.6  -0.8   3.2   0.0   5.6   0.0
G   0.2   0.0  -3.4  -0.7  -2.1  -7.6   8.2  -2.7  -7.0  -2.4  -6.7  -5.2  -0.2  -3.0  -2.1  -2.1  -0.1  -2.4  -5.2  -5.5   0.0  -6.0   0.0
H  -1.8   0.0  -2.3  -0.1  -0.1  -0.7  -2.7   9.3  -3.7   0.2  -3.2  -2.1   1.5  -2.2   1.7   0.3  -0.8  -0.8  -3.5  -1.9   0.0   2.7   0.0
I  -1.8   0.0  -2.5  -6.2  -4.3   0.3  -7.0  -3.7   5.9  -3.5   3.0   2.9  -4.4  -4.3  -3.2  -4.1  -3.3  -1.2   4.0  -3.4   0.0  -2.0   0.0
K  -1.2   0.0  -4.8  -0.1   1.3  -5.3  -2.4   0.2  -3.5   5.5  -3.4  -2.1   0.8  -1.6   2.0   3.5  -0.4  -0.2  -3.0  -5.4   0.0  -3.5   0.0
L  -2.2   0.0  -2.9  -6.5  -4.5   1.9  -6.7  -3.2   3.0  -3.4   5.7   3.4  -4.8  -3.5  -2.4  -3.5  -3.6  -2.4   1.7  -2.0   0.0  -1.1   0.0
M  -1.2   0.0  -1.9  -5.0  -3.1   1.4  -5.2  -2.1   2.9  -2.1   3.4   7.6  -3.6  -4.2  -1.2  -2.9  -2.3  -1.1   1.4  -2.2   0.0  -1.3   0.0
N  -1.2   0.0  -3.1   2.6   0.5  -4.7  -0.2   1.5  -4.4   0.8  -4.8  -3.6   6.5  -2.2   0.5  -0.4   1.1   0.3  -3.8  -5.5   0.0  -2.2   0.0
P  -0.1   0.0  -5.2  -1.9  -1.4  -5.8  -3.0  -2.2  -4.3  -1.6  -3.5  -4.2  -2.2   9.6  -0.8  -2.1   0.0  -0.4  -3.2  -7.4   0.0  -4.8   0.0
Q  -0.7   0.0  -4.2   0.6   2.3  -4.1  -2.1   1.7  -3.2   2.0  -2.4  -1.2   0.5  -0.8   5.6   1.7  -0.2  -0.4  -2.7  -4.0   0.0  -2.9   0.0
R  -1.6   0.0  -3.5  -1.6  -0.3  -5.3  -2.1   0.3  -4.1   3.5  -3.5  -2.9  -0.4  -2.1   1.7   7.1  -0.9  -0.9  -3.4  -2.4   0.0  -2.9   0.0
S   1.6   0.0  -0.2   0.0  -0.3  -4.5  -0.1  -0.8  -3.3  -0.4  -3.6  -2.3   1.1   0.0  -0.2  -0.9   4.4   2.3  -2.0  -4.7   0.0  -2.8   0.0
T   0.5   0.0  -1.4  -0.6  -0.8  -3.6  -2.4  -0.8  -1.2  -0.2  -2.4  -1.1   0.3  -0.4  -0.4  -0.9   2.3   5.0   0.0  -5.4   0.0  -3.2   0.0
V   0.1   0.0  -0.6  -4.9  -3.0  -0.8  -5.2  -3.5   4.0  -3.0   1.7   1.4  -3.8  -3.2  -2.7  -3.4  -2.0   0.0   5.3  -4.5   0.0  -2.4   0.0
W  -5.5   0.0  -2.1  -7.8  -6.4   3.2  -5.5  -1.9  -3.4  -5.4  -2.0  -2.2  -5.5  -7.4  -4.0  -2.4  -4.7  -5.4  -4.5  15.8   0.0   3.8   0.0
X   0.0   0.0   0.0   0.0   0.0   0.0   0.0   0.0   0.0   0.0   0.0   0.0   0.0   0.0   0.0   0.0   0.0   0.0   0.0   0.0   0.0   0.0   0.0
Y  -3.7   0.0  -1.3  -4.2  -4.4   5.6  -6.0   2.7  -2.0  -3.5  -1.1  -1.3  -2.2  -4.8  -2.9  -2.9  -2.8  -3.2  -2.4   3.8   0.0  10.0   0.0
Z   0.0   0.0   0.0   0.0   0.0   0.0   0.0   0.0   0.0   0.0   0.0   0.0   0.0   0.0   0.0   0.0   0.0   0.0   0.0   0.0   0.0   0.0   0.0
